4
4 8 4 1 
0.485265 1.137751 -0.250843 -1.342515 -1.074720 2.207175 -2.268166 0.166919 
2.194115 -2.193706 -2.378640 -2.287216 -2.642704 -1.153105 -2.304701 1.147645 
0.682444 2.261177 -2.476748 0.866239 -1.552790 0.362015 -2.599984 0.032956 
1.915597 0.919160 0.463174 0.233422 1.888868 -0.250450 0.132258 3.060344 

-0.432934 -2.741698 -0.570715 -1.117517 
0.630356 -1.041654 -2.971345 0.128873 
-0.664309 0.305908 -1.253411 2.601880 
1.328479 -1.668906 -1.164808 -1.661685 
-1.894209 2.829305 -1.832497 2.378281 
2.866502 -2.280892 2.703909 -2.596226 
1.042994 2.039785 1.989353 -2.647534 
0.885315 0.675483 -1.928593 -1.786376 

0.996900 
-3.003353 
-0.946249 
-1.901266 


-1.841092 -0.948203 3.057054 -2.453682 -1.642166 -0.912747 1.697677 -2.063859 

0.406120 1.817195 0.443987 2.286088 

1.878043 

