4
196 14 14 1 
-0.625568 -1.744011 1.546739 -0.743126 -0.785363 -1.425520 1.301126 1.185034 -0.104801 -0.979583 -1.147679 0.809656 1.350566 -1.824702 
1.301737 -1.710440 0.714560 1.803461 1.858516 0.491775 -0.094926 -1.401715 1.099948 -0.290841 1.966552 1.656117 -0.947722 -0.079883 
0.794033 1.800165 -0.283750 1.710070 -1.132420 0.882327 -0.336472 -1.016694 1.616932 -0.814655 -1.672109 -1.411724 -0.954925 1.053438 
1.616747 -0.016692 -0.764492 0.871361 0.472267 -1.938882 0.364850 1.524625 -0.010071 -1.726682 1.851554 -0.544302 0.748984 -0.845682 
1.254486 0.454925 -0.042547 -0.599764 1.586035 0.281577 -1.973326 0.597828 -0.442075 -1.691561 -1.751664 -1.249619 -0.447048 -1.808734 
1.119136 -0.275160 -0.187756 -0.124106 1.107397 -0.312179 -0.544389 0.824417 -0.907318 1.829963 1.116243 -1.177775 -1.271250 -1.839462 
1.591000 -1.636301 -0.224459 0.055362 1.463647 0.663274 0.248026 1.928761 1.641542 -0.229330 1.136564 1.900455 -1.471557 0.242258 
1.097848 0.123506 1.393458 -0.471148 -1.062688 1.954447 -0.936876 1.879468 -0.829727 -0.613298 0.640877 -0.870602 -1.111336 1.324658 
0.610139 1.757170 -1.030171 -1.466875 1.139382 -1.473682 1.432794 1.614224 -1.988105 0.963430 0.819402 1.783617 -0.851149 -1.435911 
-1.161081 1.236455 -1.981905 1.063295 -1.781935 -1.760097 -1.402303 1.753066 1.060010 -1.720075 -1.210764 -1.932409 -0.231756 0.092159 
0.554918 -0.496862 1.752366 0.004216 1.661388 -1.040003 -0.304280 -0.642289 1.437152 1.840003 1.126742 -1.371600 -0.547917 0.668353 
0.722880 -1.153507 -0.547101 1.792097 1.093043 1.777224 1.335244 -0.268004 1.605940 1.917854 1.780869 -1.957250 0.957104 1.331563 
-1.876942 0.077710 1.018556 0.612018 0.103202 0.250086 1.642304 0.886250 0.132154 -0.260523 -1.954710 -1.742708 -1.307984 0.797658 
-1.621326 1.547838 -0.511429 -0.211371 1.120823 -1.371441 -1.011444 1.068941 1.916257 -1.595935 0.965911 -0.141667 1.484359 1.585315 
0.679891 0.202216 0.223212 -0.621662 1.310526 0.163030 -0.866176 1.211768 -0.721885 -1.635121 0.690268 -1.373272 1.069796 -1.987060 
1.278786 -1.541811 0.198400 -1.484725 0.833729 0.428663 0.920646 -1.169408 1.292825 0.281450 1.336650 -1.331527 -0.501729 1.578003 
-1.501129 1.665366 -1.832483 1.284548 0.147931 -1.337492 0.559928 0.272919 1.721244 -0.789110 0.465710 -0.140808 1.224304 1.423794 
1.130355 -0.489144 -1.373291 0.315270 -1.226606 0.826218 0.372817 0.730773 0.264748 0.970344 -0.312415 -0.990997 -1.354219 0.559324 
1.167343 -0.486404 0.152283 1.383200 0.652082 -1.981657 -1.899001 -1.324899 0.184456 -1.472735 -0.187370 -0.489849 1.830260 -1.309648 
1.374027 0.189522 0.237514 -0.390827 1.349935 1.465794 0.089788 1.787604 -1.931584 -0.010013 0.775126 -0.210918 0.520448 0.410130 
0.703712 -1.787557 0.783922 1.839989 0.417258 -0.907726 -1.712591 -0.461166 -0.713889 -1.438329 1.846835 1.063824 -0.219322 -0.641379 
-0.119401 0.266601 1.376115 0.821982 0.811956 -0.752848 1.592417 1.848960 -0.191808 2.008771 1.822047 -1.697021 0.616248 -0.232541 
-1.983541 -1.209606 1.788817 -0.151253 -1.403438 -1.289423 1.194924 0.246780 -0.067771 -0.498727 0.448790 1.471984 -0.768599 0.954291 
-0.003105 1.533007 1.465076 -0.472875 -1.012331 1.260432 0.941625 0.318879 -0.828004 -0.010233 1.970533 -0.477726 -0.950410 -1.952165 
1.308137 -1.702953 -1.460248 1.888296 0.000101 -0.775864 0.009792 -0.296884 0.211342 -0.280655 -0.145313 1.263136 -0.300906 1.423966 
1.278769 0.041567 -1.163461 0.142577 1.676465 -1.765810 -1.774039 -0.004722 -0.832356 0.799771 -1.579915 0.565414 -0.712517 -1.211052 
0.842129 -1.276174 1.992920 -1.043724 1.462204 -1.486845 1.321092 -1.980789 1.517349 1.357990 -0.516772 0.264909 -1.880341 0.899866 
-1.443577 0.263131 -0.866342 0.864101 -0.285248 -0.168014 1.087967 -0.349858 1.509634 -0.317332 -1.255593 0.312830 -1.147679 0.981457 
0.901822 1.558702 -1.687490 1.954222 1.091281 0.179144 -0.638875 0.648396 1.777825 0.945524 1.186987 0.992523 0.694540 0.104812 
0.707970 1.261848 1.935189 -1.396087 1.393398 -1.906294 0.429679 -0.836607 -1.443300 1.146924 -1.571155 -0.669378 0.685988 -0.421544 
-1.365951 -1.389235 0.484162 -0.596975 0.470480 -0.069941 -0.749785 0.923952 0.559367 -0.780356 -1.804632 -0.692438 -0.733907 -0.223085 
0.291568 1.372461 -1.328237 0.935568 0.167339 -1.851709 -1.717266 1.730743 -1.465315 1.258769 1.099521 1.232678 0.899535 -0.200907 
0.374995 -0.265902 -1.618997 1.318001 0.584716 -0.269050 -1.409339 1.286947 -1.557076 0.974573 -0.566226 1.162503 0.242758 1.846358 
1.610894 -1.490206 -0.042592 1.850867 -1.274480 -0.508018 -0.315895 -0.059894 -1.459527 -1.835543 -0.865089 -0.089717 -1.861210 2.094224 
1.862251 -1.885262 1.986110 -0.808122 1.306637 -1.860719 -0.177482 -1.971172 -1.601036 -0.875137 0.041291 -0.447712 0.824748 -1.079812 
2.400250 1.284641 0.428798 0.539049 0.724161 1.584248 -1.185229 -1.015289 -1.127706 1.096394 -0.680197 -0.103490 0.251867 0.282526 
1.430639 -0.871356 -1.074672 1.910034 1.670633 0.110225 0.887984 -1.284849 1.071484 0.527730 0.750973 0.319597 1.097747 -0.600795 
-0.516125 -1.191272 -0.175337 -0.888178 0.508484 -1.435606 0.179322 -1.301738 -0.827702 -0.269808 0.632649 -0.992765 1.519477 1.805587 
-0.160699 -1.622901 -1.027545 1.094527 -1.434285 -1.434502 1.126076 0.523585 0.410143 -0.283242 1.298031 0.640921 0.739651 0.820341 
-1.690637 0.481270 0.953204 -0.523365 0.027116 -1.195388 -0.615102 1.889398 -1.264475 -1.233642 1.769639 1.985973 0.222023 -1.220309 
-1.794880 -1.269792 0.972631 -1.284666 -0.541712 -1.148086 -1.085569 0.520920 -1.459746 1.480759 -0.642823 -1.151946 -0.627571 -0.379024 
-1.396169 -0.486290 1.858517 -0.719810 0.677400 0.385008 0.899792 0.429531 0.619078 -0.292211 1.536489 -1.393386 -1.807177 1.618610 
-0.967966 -1.108447 -0.506180 1.815087 -1.544160 -0.250845 -1.862789 -1.569567 -1.614242 0.390307 1.647153 -0.575723 1.377985 -0.125400 
-1.337811 -0.561998 -0.183180 -1.944762 0.575198 1.379141 -0.232929 -1.476546 1.272958 -0.306070 -0.497492 -0.393476 0.541823 0.690628 
1.221651 1.572829 -1.201958 0.749962 0.496858 0.539716 0.762667 1.900054 0.901629 -0.001531 -0.075751 1.424207 0.781386 0.106317 
0.570347 -1.160843 0.483048 -1.505290 1.891944 -1.430170 1.795482 -0.794153 -0.955184 -0.352499 -1.256389 -0.597932 0.197366 -0.370217 
-1.575294 1.388443 -0.971428 0.716971 -1.722006 -0.085514 -1.645441 -0.791434 1.983810 0.579292 0.141794 0.877361 -1.651235 -1.489209 
-0.593565 1.482053 1.590954 1.713255 0.425320 -0.031656 -1.680850 -1.272803 1.954886 -1.667214 1.120706 -1.698968 1.746218 0.162295 
0.274560 -1.488156 -0.465420 -1.392742 1.423224 1.380435 -0.331431 -1.343445 1.751564 -0.815538 1.447228 1.592781 -2.131000 -0.388021 
1.487803 -0.723083 0.733567 1.614224 -0.917650 -1.415470 -0.786067 0.103708 -0.679200 -0.985586 -1.007763 -1.927220 -2.283377 1.782085 
-0.089305 0.509649 0.908680 -1.388895 1.530615 1.812234 -0.603532 1.678763 1.231934 1.216412 -1.764971 0.196686 -1.876562 1.907221 
2.010294 -1.536622 -1.032893 0.243259 -0.073813 -2.091526 -1.058301 -1.660006 1.216568 1.669487 -1.261105 -0.019633 -0.922115 0.148456 
-1.275101 0.273458 -0.521908 -1.248113 -0.933649 -1.464889 0.740741 0.491009 0.057530 -0.367751 2.015139 -1.559303 0.617435 0.797261 
1.687856 0.249364 -1.151863 -1.540726 0.110561 1.705264 -1.867514 0.240354 1.413755 1.652684 1.086422 0.543040 0.633013 1.239027 
0.407517 1.364277 0.635851 -1.466113 0.113771 -0.649636 1.829680 -0.571574 0.429434 -0.646715 1.272525 1.417288 -0.595831 -1.786315 
0.035161 0.531762 0.641519 0.077191 -1.046711 -0.736296 0.078659 0.701607 -1.419606 0.810599 -0.656262 -0.222881 1.268624 1.574182 
0.719201 1.573448 -1.314563 -0.893672 0.265488 -1.604250 -1.414959 -1.878410 1.617150 -0.458924 -1.607246 0.418498 -0.762505 0.126169 
-0.785821 1.237895 1.659276 1.878948 -0.007708 1.485622 -0.717346 0.110087 1.156487 -1.161013 -0.347451 0.697991 1.887299 -1.053579 
-1.745381 1.675356 0.202706 1.704728 0.157062 -0.729133 -0.748028 0.070575 0.667925 0.182599 -1.167394 1.676575 -0.396075 1.240660 
0.978396 -0.255948 -1.499688 1.130712 -0.900545 -0.680426 1.710979 -1.862055 -1.348463 0.111817 0.651418 1.483520 0.517441 -0.313551 
0.003832 -0.516065 0.707667 0.833793 1.227397 -0.386979 -1.154141 1.113913 -0.983777 0.297142 0.297861 0.402697 -0.791050 -1.723020 
-1.046226 -0.015896 -0.516425 1.379806 -0.819612 1.207448 0.360713 1.376080 1.636566 -0.968252 -0.011067 -0.162065 -1.853645 0.370901 
-0.196731 -0.992903 1.581849 -2.069488 1.710853 1.813732 0.114038 1.517507 -1.913512 1.181166 1.808793 -1.630934 0.992272 -2.041847 
1.650619 1.192336 1.354632 -0.948040 -1.539775 -1.629406 -0.274255 -1.683865 0.999123 1.193102 -2.044218 -2.199306 -1.365611 1.101884 
1.898588 0.134588 0.455068 -1.853826 -0.676211 1.860210 0.112392 -1.734536 1.211635 1.689409 -0.911082 0.327755 1.046163 1.819197 
-1.304965 0.027649 1.242918 -0.683335 0.143886 1.566599 -1.515585 -0.401711 -1.107951 -0.755247 -0.177743 1.496198 0.945361 0.654064 
-0.208884 -0.968336 0.726175 -1.424710 -0.066874 1.941330 0.361212 -0.134257 1.091747 -0.879832 1.393708 -0.556164 0.932054 -1.057287 
-1.934112 -0.464330 -0.983668 1.831081 0.836890 0.961584 -1.337251 -2.001500 1.577241 -1.502611 -1.373541 -1.294558 -1.412919 0.173016 
0.101904 -1.495416 -1.704619 1.148439 1.064642 -0.518634 0.412259 -0.543173 -0.184604 -1.234858 -1.340817 -1.075036 1.456360 0.574354 
1.272895 1.366256 -0.593445 -0.751535 1.279065 -1.915679 -1.733267 -1.897992 -1.134542 1.441505 0.191685 -0.436302 -0.615017 1.345227 
-0.680392 -0.855570 0.452881 -1.434379 -0.981500 0.501811 -0.099643 -0.898643 0.444159 0.142802 -1.812960 1.678807 1.184995 -1.908546 
-1.152464 -1.221880 0.514376 0.660257 0.750110 -1.419055 1.799335 -0.482998 1.383815 1.105343 1.032792 0.902881 1.482965 -0.672668 
-0.463899 1.671131 -1.907605 -1.260646 -1.743253 1.369920 -0.624284 -1.702105 -0.868375 -0.107008 -1.887356 1.593441 -0.442360 1.070536 
-0.386579 -1.426975 1.773526 -0.086875 -1.576007 0.037190 1.274271 -1.281864 0.681185 1.796387 1.385659 -0.037700 -2.094985 -0.972822 
0.064935 -0.011257 -1.998457 -0.600455 -1.063187 -1.402923 0.365992 -0.074712 0.099485 1.301372 -1.804106 -0.048083 0.291398 0.873431 
-1.293624 2.340209 -0.550621 0.726599 -1.382869 -1.506879 0.698825 0.864584 1.250677 1.545117 1.599322 1.528560 1.504926 -0.316390 
0.454917 1.902318 0.914465 0.280442 1.425013 1.763574 -1.540091 -1.298349 1.934223 0.659728 -1.799684 -0.029281 -0.198616 -1.654581 
0.448475 -0.380780 0.420075 -1.521832 0.293270 -0.885741 0.063562 0.836885 -0.151772 0.994215 1.419887 1.964915 -0.207378 1.247012 
-0.489477 -1.428322 1.211540 1.420518 -0.485222 -1.615755 1.281385 -1.176798 -0.949734 1.624485 -0.348390 0.950748 0.683483 -0.195842 
-0.567295 -0.483185 0.977251 1.598003 -0.487677 0.933646 0.827407 1.477269 0.148497 -1.633746 0.132586 0.214476 -1.578260 0.228349 
1.716522 0.512427 -0.689025 -1.390353 1.417509 -1.676504 0.742895 1.633401 -1.178053 1.178577 1.966712 1.336311 0.120019 1.378754 
-0.393721 1.655435 1.331474 -0.622060 -0.364490 1.816421 1.899333 -0.753544 0.521211 -1.106285 -1.867323 0.539971 -0.938688 1.040361 
-2.020231 1.990077 -1.368293 1.679043 -0.771572 -0.306601 1.589181 0.469238 0.846544 -1.869773 1.028510 1.682965 0.380005 -0.424363 
-1.911089 -1.953726 -1.955464 -0.848611 0.460822 0.799197 -1.516547 0.870978 -1.208400 1.533039 -1.447937 1.656079 -1.823254 -0.032266 
-0.053447 -0.345173 0.487886 -0.420465 -0.833510 -1.121049 -0.852225 1.666926 1.493533 1.766036 1.979622 -0.616573 -0.384839 -0.178434 
-0.267385 -1.392056 -0.489437 -1.499009 0.013960 -1.214213 -1.841191 -1.544334 -0.044738 1.135809 -0.145062 1.203729 1.709427 0.887804 
-0.453108 1.553813 0.039539 -0.807559 0.240294 -1.714861 1.670580 -0.662069 -0.021655 -1.383435 1.902331 -1.260895 0.941429 -1.445866 
-1.169874 1.993180 -0.716009 -0.825925 -1.545126 0.553787 0.491370 1.676865 -0.006910 0.243019 0.287630 -0.117844 0.310296 1.254341 
-1.626762 -1.568823 -0.641734 -0.968696 0.235767 2.029778 1.776853 -1.576596 1.929228 1.439916 1.718149 -0.441492 0.142293 -0.798557 
0.657639 -0.465155 -0.761146 -1.749365 1.028107 0.107014 1.334790 -1.360338 -0.727812 -0.034350 0.538447 -1.771957 0.316744 -0.854871 
-0.768005 -0.525354 -0.157543 -0.341347 0.731476 -1.237040 -1.503878 0.981089 -0.914683 0.967323 -0.792387 -0.629240 0.523429 0.331600 
-1.654778 1.196024 2.084181 -1.852793 -1.323305 1.483716 -0.493385 2.036276 -1.927269 -0.914148 1.037232 -0.583027 -1.250654 -1.686304 
-1.960804 1.669767 1.355283 -2.027077 -1.734029 -1.829746 0.513761 -1.799928 1.984436 1.916028 0.467906 1.318128 1.396878 1.199774 
-0.010254 -0.777501 1.577256 0.592480 -1.623886 1.948062 -0.463868 -1.440793 2.099277 -0.181487 0.323185 -1.050046 -0.103743 -1.490271 
-1.948590 0.643031 0.315706 1.014005 0.927006 1.667314 -1.967630 -0.334141 2.039111 -1.604343 1.055647 -1.875445 -1.720831 -0.798580 
0.301720 -0.551990 0.023055 0.732258 0.564622 -0.774155 -0.641391 1.988130 0.311023 -1.582983 -2.017157 -1.501373 0.780419 2.238103 
-0.228463 -0.870346 -0.177112 -0.042048 -1.707607 1.434332 1.626216 -1.965320 1.858323 1.312454 -1.183586 -0.742370 -1.057237 -1.756415 
0.239764 1.155788 -0.788485 -1.355384 1.458178 1.937406 -1.054524 -1.039000 0.688059 -0.450674 0.774516 -0.101220 -0.541384 -0.058581 
1.150879 -0.891763 1.783467 -1.838925 -0.318130 1.561895 -0.616940 1.174169 -0.879954 -1.926857 0.595907 -0.387171 -1.388618 0.057584 
-1.387973 1.574882 0.827943 0.632519 0.682040 -0.436297 -0.390027 -1.790079 1.817200 -0.258075 0.715978 0.669613 0.781845 0.591611 
-1.618801 -1.750997 1.761000 -1.907399 0.282040 -0.537609 0.034181 0.630142 -0.751765 1.433547 1.321087 -1.450801 1.141302 -1.633442 
-0.337987 -0.285934 -2.136887 1.833585 -1.579523 0.605562 -1.598414 -1.887129 1.279179 1.900245 -0.847286 -0.796888 1.630377 2.088460 
-0.229214 0.345755 0.746013 -1.898088 1.791030 1.462977 -0.776132 1.711263 1.757594 1.655581 -1.568222 1.773225 -0.730350 -0.767719 
-1.166648 1.752162 -0.416178 0.294452 1.325409 0.379708 0.706912 -0.652375 1.470395 0.277540 1.889231 2.180288 1.293085 -0.040883 
-1.345518 0.162264 -1.705607 -0.995605 0.301200 0.500736 -1.027718 -0.346067 1.508621 -1.343298 -1.373121 1.262793 -0.963833 -1.995252 
-0.160012 1.563896 -0.118831 -1.923522 -1.428394 -1.528016 2.450196 1.046787 0.009929 -1.380175 -0.452197 1.963962 0.550486 0.682072 
-0.586240 -1.346805 -1.246326 -1.966097 0.378644 -0.859589 0.878582 -0.620619 0.269266 0.907853 1.515354 0.567622 1.856953 -2.560993 
-0.610893 0.419415 0.123868 0.701149 -0.222688 -1.649521 0.605187 0.796170 -0.752173 2.021380 1.575318 -0.011693 -0.878082 -1.508477 
1.128915 -1.273599 -0.870082 -0.918511 0.450189 -0.662216 -1.963387 -0.790448 -0.387670 0.581098 -0.881781 0.879391 1.625477 -0.326821 
-1.356825 -1.804535 -0.956637 0.137452 0.522884 1.828236 1.712815 -0.835039 1.275126 0.455470 1.519255 0.635268 -1.343177 -1.393223 
-0.671979 -1.607188 0.484087 -1.977524 0.721908 1.552721 -0.756246 -1.627017 -0.862422 0.523096 -1.630792 1.960736 0.035047 0.156783 
1.948535 -1.070202 -0.506219 -1.923452 -1.083545 0.498998 -0.138263 -1.868448 -1.883692 0.269002 -1.860233 1.608266 -0.224998 -1.872995 
-1.125941 0.128626 -0.872032 -0.028521 -0.493040 1.951773 -0.281257 0.343776 -1.007172 0.568047 -0.002260 1.069003 -1.698517 -0.294369 
-1.105767 1.077328 -0.578049 -1.229396 -0.103891 -1.370501 -0.442206 0.929328 -0.537837 0.625185 -1.029550 -0.130846 -0.902775 0.956828 
-0.637762 -0.729890 -1.242080 1.893307 -1.195201 -1.728933 0.310546 1.072070 1.385620 1.454915 -0.345472 1.431095 1.849565 -0.031260 
-0.595318 -1.200402 -0.904052 1.327603 -0.613443 -1.275134 0.153486 -1.928988 1.722682 -1.358158 -1.429781 -1.538854 1.577101 0.649362 
1.107117 1.082022 -0.056455 -1.597853 -1.684911 -1.610353 -1.870236 1.734057 0.388699 -1.056049 0.221388 0.960517 -0.465588 -0.462279 
-0.472705 0.639457 -0.191937 -0.465811 0.592114 1.823969 -0.830049 0.540243 -0.485404 0.996589 -1.582137 -0.094915 -1.513811 -0.496583 
0.494384 0.175597 1.896450 0.518685 -1.242024 -0.784055 0.559448 1.149027 -0.892852 -0.883735 1.713349 -0.787798 0.065750 -1.616277 
-1.244408 1.292335 -1.462591 -0.865247 -1.418521 0.877819 1.463868 1.159742 -1.751142 0.577998 0.986927 -0.692703 -0.609562 0.008445 
-1.656720 -1.007196 -1.775194 -1.006581 0.091397 1.413318 -1.623924 -1.562191 -0.017247 -0.423297 0.581541 -0.790610 1.912537 -0.744379 
1.311367 -1.186869 -1.794414 1.223179 1.336811 0.079526 -0.197451 1.068534 1.115492 1.358856 -0.655889 1.952127 0.508934 -0.433431 
0.511342 0.594309 -1.870136 -1.232989 2.071303 -1.689712 1.364220 1.238975 0.158712 1.108841 0.582006 -1.733654 -0.974495 -0.489728 
0.088063 -1.300586 -0.015963 -0.677463 1.025227 -1.315408 -1.489646 1.993213 0.739167 -1.853166 -0.664146 -1.396170 1.213138 -0.099109 
-0.051710 -0.171284 1.221465 1.896429 -1.068665 1.305952 0.995845 0.700768 0.447796 -1.834160 0.792804 -1.110615 1.228035 0.207693 
1.808964 0.042418 1.583932 1.251316 -0.232308 -1.359991 -0.130964 1.144201 0.796155 -1.490344 0.185078 -1.873288 -0.727866 1.621156 
-0.728397 -0.020165 -0.454916 1.496322 -1.484904 -1.562523 0.957729 -1.145985 1.812053 1.941290 -0.261359 -1.789802 1.953753 -0.964169 
-0.451903 -1.137710 0.129733 -1.727347 0.025607 -0.452977 1.290591 0.902744 -0.400195 0.867030 1.734017 0.366230 1.196973 -1.421527 
-0.119606 0.468034 1.138072 -1.888505 1.905193 0.375933 -0.297463 1.030459 -0.193242 0.751817 -1.943296 0.256708 1.449307 -0.833325 
-0.990884 -0.959590 -0.463828 -1.991215 -0.715333 1.822807 0.306039 -1.859937 1.131494 -0.016896 1.300487 1.833863 0.973585 2.287673 
1.768163 -1.691477 -1.418903 -1.623108 -0.950787 1.153808 1.313460 0.987999 0.268094 1.735972 2.005697 -1.190560 1.256947 -0.321475 
1.227191 1.184213 1.086196 -1.110362 -1.649926 -0.476727 0.137394 0.884518 -0.388677 2.391823 0.763868 0.360997 -1.013282 0.840357 
1.960378 0.804443 -0.635805 -0.253059 -1.802652 -0.438179 1.515917 1.624705 0.956442 0.105747 0.029488 1.083529 -1.345793 0.087273 
-1.428128 0.317867 1.578580 -1.564551 0.918710 -1.294935 -0.993007 -0.181121 -0.750865 -1.879114 -1.427967 -1.623877 -1.581560 -1.366222 
-1.015006 0.792294 -0.160519 -0.743685 -0.095773 -1.348198 0.337057 -1.762344 2.107497 -1.144434 -1.429140 -0.756271 -1.870626 0.688848 
0.374883 -1.292217 0.374322 1.615851 0.379413 1.367340 0.767115 -0.044817 -1.180569 -0.663791 1.450318 1.205502 -1.797569 1.597766 
0.328197 0.524971 -0.694762 1.804069 -0.353452 1.664814 -1.852107 -0.808834 -1.685137 0.914308 0.812818 -1.590745 1.628008 1.466848 
-1.119052 0.950610 -0.860466 -1.373133 -0.538807 0.368370 -0.219716 1.438533 0.871171 1.779047 0.056728 1.697792 0.622072 -1.018720 
0.690604 1.951419 0.425293 0.778700 -1.794808 0.193375 0.533872 -1.959627 -0.993501 -0.203133 0.241275 1.444317 0.325755 -1.698127 
1.729203 -0.837195 -1.900249 -1.505765 -1.464393 -1.711943 -1.268356 -1.825295 -0.141841 1.927250 -1.097484 -1.308925 0.505981 1.790140 
1.046210 -1.937488 0.304787 -1.484360 0.602795 -0.380289 -1.574611 1.351364 -0.216733 1.146680 -1.760174 -0.077323 0.457219 -1.265661 
0.428159 -0.493131 -1.205781 1.288891 -0.286025 1.093445 -1.637860 1.950131 -0.482759 0.365040 0.139573 -1.557558 -0.925242 0.652369 
-1.782609 0.219427 -0.484179 0.213075 -0.731470 0.522242 0.798368 -1.375773 0.522189 1.860911 1.452142 1.119782 0.980172 0.546202 
-1.187253 1.497182 -2.008560 0.500878 1.413434 -1.407715 -0.534104 1.902193 1.021103 -1.749351 1.214555 0.525492 -1.259967 1.095667 
0.526385 -1.762373 0.312956 -0.567145 1.238797 -0.096775 -1.155777 0.116567 -1.038746 0.941230 -0.211386 -0.441296 -1.569964 0.283540 
-0.622410 0.832923 -1.221959 -0.817882 1.916440 -0.595546 1.107705 1.913371 -2.072329 -0.313396 1.476448 0.056242 -2.040023 -0.462359 
0.559764 -1.750562 1.310983 0.634457 0.102484 -1.394097 1.067924 -0.772756 -0.562002 2.049030 -0.750815 -0.185219 1.740395 0.192657 
0.599367 0.253175 -0.466950 1.597177 -0.286689 -1.077887 -0.602473 0.095842 -1.050214 -1.270403 -1.232667 -1.655847 1.001265 -1.858067 
0.706125 0.571656 1.192741 -0.868836 0.412394 1.712947 0.410998 0.766756 -0.574835 -1.187219 1.094884 -1.751535 -1.334257 -0.148494 
1.737951 1.588672 -1.649228 -1.716400 0.254245 0.630439 0.189269 0.300608 1.991594 -1.792573 -1.147984 1.629946 1.642182 -1.765512 
-1.685228 -0.488113 1.849728 -0.642723 -1.814039 1.157389 -0.657618 -0.427109 1.430025 -0.407184 -1.294132 1.366249 1.312574 0.687959 
1.894662 0.028009 0.493444 0.420786 -0.751984 -0.887659 0.179776 -1.735355 -0.953988 -1.507003 0.240424 1.748829 -1.251048 -0.074773 
0.925511 -0.659303 1.832638 -1.217807 -1.999045 -1.480640 -0.812706 1.768303 0.386849 -0.275812 -0.732256 -0.078309 -1.442114 0.476120 
0.672986 -1.576700 -0.360755 0.946306 -1.042331 -1.235997 0.895600 -1.412722 1.025888 1.909474 0.450477 1.846694 -1.159052 1.641422 
1.916245 -0.987585 0.127000 -1.013031 -0.459840 1.261029 -0.381022 -1.005220 0.476970 -1.672042 0.511533 0.857349 -1.186248 -1.069704 
1.735900 -1.393503 1.981793 -1.980951 0.615360 -0.449881 0.187199 -0.973137 -1.236667 1.255115 -0.527140 1.214631 0.458511 -1.162112 
0.985213 0.102103 -0.542321 -1.226956 -0.825034 -0.094211 -0.156954 -0.503865 1.567060 -0.023974 -1.777852 -1.264231 -1.431229 0.874802 
1.163857 -0.679532 1.932793 -1.904274 1.831166 -0.448108 1.025866 1.542141 0.404259 -0.018330 -1.558700 1.449517 1.217820 0.360416 
-0.974332 1.254164 -1.026767 -1.482434 0.802752 0.767247 -0.881649 0.737474 0.780095 -1.139915 0.016029 0.193061 -1.113108 1.149056 
-0.877773 -0.565937 0.405298 -1.467892 0.508143 -0.052954 -0.510929 1.258156 0.577552 0.572454 0.105924 -1.332301 -1.853842 -1.002389 
-1.060272 0.032685 0.410230 -1.502440 0.580825 -0.819823 -1.849948 1.327362 0.501032 0.461453 1.841049 -0.279046 -1.066893 0.525954 
-1.362755 -0.090676 0.332223 1.675878 0.449357 0.874318 1.110368 -1.427725 -1.045926 0.639346 -1.706934 0.743678 1.515464 -0.252506 
-1.138237 -0.273166 -0.282905 1.568014 -1.182049 -1.223808 0.576128 -0.202617 -1.951545 0.576449 -0.194553 -1.041989 1.017184 -0.993992 
-1.806841 -1.846268 0.616478 0.791903 1.773392 0.868983 0.405073 1.331783 0.757339 -0.807493 -0.266557 -1.380232 -0.988161 -1.032068 
-1.808318 -1.883544 -1.782233 -0.527936 -0.194421 1.566752 -0.008006 -0.446677 1.269767 -1.451595 0.628360 1.849659 -1.397521 -0.845245 
1.594150 -1.021057 1.292515 -0.909788 0.468140 -1.010451 0.216741 1.829894 0.125668 0.875318 -1.949587 -1.326158 -0.888517 1.461623 
1.106993 -0.855494 1.592586 0.348918 0.212514 -1.074889 1.723965 0.964556 0.987699 -0.272460 0.874222 1.865483 -1.987933 1.084724 
0.616433 -0.048901 1.743726 -1.790228 1.540507 0.594033 0.597986 -1.818880 -0.628212 -0.192049 -1.006998 0.394119 0.019891 1.577606 
1.841304 1.523545 1.209327 -0.532182 -1.796503 -0.914518 -1.697256 1.669302 -1.307230 1.720084 1.944090 0.556717 -0.738609 0.329628 
1.145220 1.929934 1.996632 0.193255 -0.550485 -0.963783 1.549287 0.179621 1.775110 -1.492852 -0.180160 -0.802867 -0.396487 -0.661751 
1.496170 -0.025247 0.092193 0.035721 1.285469 -1.664429 -1.238662 -0.988246 -1.201762 0.069362 1.366130 -0.487986 0.871540 1.513551 
-1.474746 -0.079194 -1.267615 0.158589 -0.552687 0.754580 -0.647637 -1.327468 1.919654 1.695206 -0.575938 1.928492 0.475492 -1.044771 
0.624036 1.656180 0.060974 -1.949583 -0.625175 -1.299926 -0.793165 1.040707 -0.988848 -1.702977 1.655376 -0.612986 1.789615 -1.853295 
-1.120622 -1.624023 -0.767178 -1.889861 1.603270 -1.641184 -1.264145 -1.390528 -1.399374 -0.938224 1.173700 -0.158593 -1.049166 -0.257030 
-0.308401 -0.619403 -0.022816 0.271075 -1.456229 1.338947 1.591515 -1.989818 -0.332185 1.228822 -0.106000 0.950115 -1.326397 -1.754030 
1.689705 1.957472 1.212120 0.621220 -0.222500 1.316235 -0.895618 -0.271185 -0.514989 0.512414 1.170753 1.634236 1.161661 0.117598 
-0.275214 0.144166 -0.375034 -0.270869 -1.640767 2.004381 -1.244673 -0.132886 1.285304 -1.190100 -0.602831 -1.085544 -0.564157 -1.514162 
1.223182 0.348055 1.593074 -1.974138 1.532730 0.787836 -1.559040 0.788359 -0.052629 0.323011 -0.425055 -0.654562 1.322166 0.962559 
-0.321045 -1.761081 -0.812405 1.622284 0.945715 -0.667096 -0.734268 0.558422 1.781282 -0.864059 -0.667711 -1.008885 -1.996407 -0.532634 
-1.394448 -1.829704 0.760634 1.564058 -1.240319 1.893336 1.385585 -0.645346 1.013453 0.421120 1.310093 -1.329830 0.333066 -1.662196 
0.129348 -1.415485 0.393143 0.416856 -0.866705 -0.830890 -1.166578 1.580449 -1.018934 -0.764309 -1.113127 -0.677164 -0.065642 -1.927248 
0.476731 -1.456930 -0.644124 1.468856 -1.297708 -1.388662 -0.922855 -1.963888 -0.715011 1.580807 1.303812 -1.916989 -1.435530 -1.323041 
1.629383 1.026948 1.697745 -1.797967 1.816401 -0.441725 -1.322489 -0.014100 -1.040620 -1.346416 -0.204657 -0.508621 1.655019 1.563829 
-1.825139 -1.284655 1.805536 0.904508 1.003499 -0.999066 0.679536 -1.026717 1.075778 0.890347 1.855587 -0.581333 -1.705558 -1.860812 
1.665805 -1.611892 -1.266824 -0.972262 1.825566 1.254823 0.895579 -1.934358 -1.317482 1.127218 0.788363 -0.727409 -1.964693 1.131704 
1.443665 -1.898569 1.828877 0.785703 -1.375357 -0.935499 -0.492503 0.269914 -0.129425 0.520659 -1.365328 -0.797196 1.331389 -0.830344 
-0.579465 -0.383578 -0.712420 -1.900719 -0.138050 1.082222 0.183751 -1.425810 -0.427988 -0.617628 -1.048653 -0.118780 1.891461 -1.308571 
1.326165 -0.586541 -1.674604 1.776570 -0.608230 -0.237050 1.505328 -0.006037 -0.025877 -1.701540 0.242606 -0.547464 0.114648 -1.265183 
-1.105883 2.023904 1.218882 1.308796 1.457604 -1.014578 1.846506 -0.391371 -1.445977 -0.478982 -0.402683 0.027081 -0.475225 1.769498 
0.920377 1.329372 -0.175330 0.377285 1.293961 -1.228206 0.846097 -1.647334 1.382080 -1.662335 -0.312244 -1.094396 -0.264573 -0.285695 
-1.673975 0.564348 1.087315 1.276650 0.565656 -0.407048 0.554748 0.812653 0.399929 0.567901 1.759100 0.448858 0.935925 -0.329390 
-0.181854 -0.059080 2.000867 -1.760384 0.370311 -0.598279 1.856246 -1.044759 -0.693896 1.773648 1.902670 -0.760324 -1.123216 -0.544047 
0.575648 1.997193 -1.450276 1.107620 -0.572233 -0.146310 1.973673 -1.018236 -0.612940 1.082580 1.327751 0.673904 0.058106 -1.819671 
-1.170091 -1.917536 0.453940 0.543670 -1.958856 -0.027286 1.634876 0.164997 -1.599351 -0.957738 -1.484183 -0.381767 0.570788 -1.657415 
0.735966 -0.488911 0.222363 0.528705 1.653066 -1.948448 1.828632 0.719331 -0.033749 0.713754 -1.736320 -1.531225 0.590058 0.106624 
-0.363475 1.633778 -0.590045 0.213080 1.102023 1.461409 -1.455061 1.087985 1.239601 -0.042917 0.746300 -1.824091 0.625935 0.666541 

1.616699 -2.019672 -1.161076 -0.708903 1.877664 -2.003650 0.416015 1.627608 0.761820 -0.569019 -1.627909 1.326521 -0.734888 0.457498 
0.616388 1.312542 0.746376 1.116540 -0.365883 -0.383589 -0.455109 -0.096663 0.891450 -0.687222 -1.847270 0.917714 -0.799795 0.634670 
1.445533 -1.661067 1.570372 0.722083 -0.913480 -0.669843 0.329960 0.632116 -0.055969 1.772995 0.170069 -0.258174 2.094934 -0.707586 
-0.109831 1.775055 2.007648 -1.444043 1.539178 1.533501 0.319307 1.776875 -1.133555 0.943595 1.927817 0.595739 -0.273922 1.422060 
-0.928297 0.894551 -0.343527 -0.425466 0.641709 -1.782933 -0.401828 -0.390472 0.551872 0.480792 -1.439333 0.073899 1.221220 -2.490146 
-1.001909 -0.935466 -0.124487 -1.741326 1.040375 -0.414482 0.361407 -0.187475 -0.361488 0.944861 1.592324 0.283005 -1.123567 -0.680452 
0.508346 -1.231680 2.149101 -0.311609 0.842089 1.827627 1.124480 -1.469054 1.410128 -0.010781 -1.429466 -1.304530 -1.787841 1.342068 
-0.984004 1.877697 1.231249 -0.445277 0.031152 -1.653609 -1.834121 0.354394 -0.475021 0.760625 1.160175 -0.126480 1.107345 1.259583 
-2.254141 -1.537266 -1.642324 1.279031 -0.279810 0.190352 1.098976 0.837072 0.123806 -0.727426 -1.723683 0.172923 1.140991 -2.656053 
-1.317968 -1.182361 0.629011 0.777564 0.071618 -1.090820 -1.446107 1.302596 -1.366199 -0.943366 -1.463355 -1.067061 -1.145470 -1.139904 
-1.517192 -1.672327 -0.642450 1.250733 0.240951 -0.562175 -0.239962 1.141193 1.653112 0.975638 -0.457252 -0.528663 0.293060 -1.125887 
-0.786408 -1.838647 -1.151576 2.255394 0.908471 -1.395973 1.483592 1.058982 -1.618082 0.404002 -1.034628 -1.541601 -0.237617 1.796142 
-1.531294 1.672972 0.091407 -0.751204 0.932836 0.594650 -0.502518 -1.408337 -1.096718 1.283550 1.253616 1.926597 0.527154 1.351531 
-1.313694 0.399523 0.071974 -2.191064 1.105854 1.474153 0.091414 1.186278 0.943688 -0.356540 0.944099 -0.802923 2.288442 0.328388 

-2.008465 
-1.728254 
1.734708 
2.167831 
-1.718608 
-0.105608 
-0.464450 
0.634970 
-1.034229 
0.385527 
-1.837981 
-0.278508 
-1.949664 
-2.649293 


1.493387 0.657397 0.125930 -0.441410 -0.378159 0.741419 1.384606 -1.722051 1.357953 1.179377 2.001028 -0.760423 -0.503526 0.236940 

1.116671 -0.829085 -0.617070 0.052449 -0.755007 -1.216829 1.078837 -1.524332 1.417577 1.571575 -1.793160 -0.518000 -0.406876 0.953689 

0.455765 

